##TITLE= Parameter file, TopSpin 3.5 pl 7
##JCAMPDX= 5.0
##DATATYPE= Parameter Values
##NPOINTS= 2	$$ modification sequence number
##ORIGIN= Bruker BioSpin GmbH
##OWNER= nmr
$$ 2017-10-19 12:16:26.077 +0200  nmr@CZC60678L0
$$ /opt/topspin3.5pl5/data/lacour/data/nmr/nmr/AN-menthol/14/pdata/1/clevels
$$ process /opt/topspin3.5pl7/prog/mod/proc2d
##$LEVELS= (0..255)
8687.51 -8687.51 9913.15 -9913.15 11311.69 -11311.69 12907.53 -12907.53
14728.52 -14728.52 16806.42 -16806.42 19177.46 -19177.46 21883 -21883 24970.25
-24970.25 28493.04 -28493.04 32512.82 -32512.82 37099.71 -37099.71 42333.72
-42333.72 48306.14 -48306.14 55121.14 -55121.14 62897.61 -62897.61 71771.17
-71771.17 81896.6 -81896.6 93450.53 -93450.53 106634.49 -106634.49 121678.42
-121678.42 138844.75 -138844.75 158432.9 -158432.9 180784.52 -180784.52
206289.51 -206289.51 235392.72 -235392.72 268601.8 -268601.8 306496 -306496
349736.3 -349736.3 399076.91 -399076.91 455378.47 -455378.47 519623.02
-519623.02 0 0 0 0 0 0 0 0 0 0 0 0 0 0 0 0 0 0 0 0 0 0 0 0 0 0 0 0 0 0
0 0 0 0 0 0 0 0 0 0 0 0 0 0 0 0 0 0 0 0 0 0 0 0 0 0 0 0 0 0 0 0 0 0 0 0
0 0 0 0 0 0 0 0 0 0 0 0 0 0 0 0 0 0 0 0 0 0 0 0 0 0 0 0 0 0 0 0 0 0 0 0
0 0 0 0 0 0 0 0 0 0 0 0 0 0 0 0 0 0 0 0 0 0 0 0 0 0 0 0 0 0 0 0 0 0 0 0
0 0 0 0 0 0 0 0 0 0 0 0 0 0 0 0 0 0 0 0 0 0 0 0 0 0 0 0 0 0 0 0 0 0 0 0
0 0 0 0 0 0 0 0 0 0 0 0 0 0 0 0 0 0
##$LEVSIGN= 3
##$MAXLEV= 32
##$METHOD= 0
##$NEGBASE= -8687.51
##$NEGINCR= 1.8
##$POSBASE= 8687.51
##$POSINCR= 1.8
##END=
