##TITLE= Parameter file, TopSpin 3.5 pl 7
##JCAMPDX= 5.0
##DATATYPE= Parameter Values
##NPOINTS= 1	$$ modification sequence number
##ORIGIN= Bruker BioSpin GmbH
##OWNER= nmr
$$ 2017-12-18 17:12:06.195 +0100  nmr@CZC60678L0
$$ /opt/topspin3.5pl5/data/jeannerat/data/nmr/nmr/dj_menthol/21/pdata/1/clevels
$$ process /opt/topspin3.5pl7/prog/mod/edparproc
##$LEVELS= (0..255)
-187285800000 -104047700000 -57804260000 -32113480000 -17840820000 -9911567896.3
-5506426609 -3059125893.9 -1699514385.5 -944174658.6 -524541477 -291411931.7
-161895517.6 -89941954.2 -49967752.3 -27759862.4 -15422145.8 -8567858.8
-4759921.5 -2644400.9 -1469111.6 -816173.1 -453429.5 -251905.3 -139947.4
-77748.5 -43193.6 -23996.5 -13331.4 -7406.3 -4114.6 -2285.9 2285.9 4114.6
7406.3 13331.4 23996.5 43193.6 77748.5 139947.4 251905.3 453429.5 816173.1
1469111.6 2644400.9 4759921.5 8567858.8 15422145.8 27759862.4 49967752.3
89941954.2 161895517.6 291411931.7 524541477 944174658.6 1699514385.5 3059125893.9
5506426609 9911567896.3 17840820000 32113480000 57804260000 104047700000
187285800000 0 0 0 0 0 0 0 0 0 0 0 0 0 0 0 0 0 0 0 0 0 0 0 0 0 0 0 0 0
0 0 0 0 0 0 0 0 0 0 0 0 0 0 0 0 0 0 0 0 0 0 0 0 0 0 0 0 0 0 0 0 0 0 0 0
0 0 0 0 0 0 0 0 0 0 0 0 0 0 0 0 0 0 0 0 0 0 0 0 0 0 0 0 0 0 0 0 0 0 0 0
0 0 0 0 0 0 0 0 0 0 0 0 0 0 0 0 0 0 0 0 0 0 0 0 0 0 0 0 0 0 0 0 0 0 0 0
0 0 0 0 0 0 0 0 0 0 0 0 0 0 0 0 0 0 0 0 0 0 0 0 0 0 0 0 0 0 0 0 0 0 0 0
0 0 0 0 0 0 0 0 0 0 0 0 0 0 0 0 0 0 0
##$LEVSIGN= 3
##$MAXLEV= 32
##$METHOD= 0
##$NEGBASE= -2285.9
##$NEGINCR= 1.8
##$POSBASE= 2285.9
##$POSINCR= 1.8
##END=
