##TITLE= Parameter file, TopSpin 3.5 pl 7
##JCAMPDX= 5.0
##DATATYPE= Parameter Values
##NPOINTS= 2	$$ modification sequence number
##ORIGIN= Bruker BioSpin GmbH
##OWNER= nmr
$$ 2017-10-19 12:29:33.415 +0200  nmr@CZC60678L0
$$ /opt/topspin3.5pl5/data/lacour/data/nmr/nmr/AN-menthol/15/pdata/1/clevels
$$ process /opt/topspin3.5pl7/prog/au/bin/clev
##$LEVELS= (0..255)
-1743235.63736629 -1456259.29446575 -1216525.80251391 -1016257.91080362
-848958.681465472 -709200.720775365 -592450.107795681 -494919.308377705
-413444.302873755 -345381.941430162 -288524.19694 -241026.533915365 -201348.069476944
-168201.585209404 -140511.768205435 -117380.326586328 -98056.8478034433
-81914.454327882 -68429.4669688438 -57164.4160735894 -47753.8494713436
-39892.4767533019 -33325.2652745349 -27839.1665798539 -23256.2048486701
-19427.7031394574 -16229.4601260561 -13557.7208531817 -11325.8107974701
-9461.32403884006 -7903.77432297636 -6602.6328125 6602.6328125 7903.77432297636
9461.32403884006 11325.8107974701 13557.7208531817 16229.4601260561 19427.7031394574
23256.2048486701 27839.1665798539 33325.2652745349 39892.4767533019 47753.8494713436
57164.4160735894 68429.4669688438 81914.454327882 98056.8478034433 117380.326586328
140511.768205435 168201.585209404 201348.069476944 241026.533915365 288524.19694
345381.941430162 413444.302873755 494919.308377705 592450.107795681 709200.720775365
848958.681465472 1016257.91080362 1216525.80251391 1456259.29446575 1743235.63736629
0 0 0 0 0 0 0 0 0 0 0 0 0 0 0 0 0 0 0 0 0 0 0 0 0 0 0 0 0 0 0 0 0 0 0 0
0 0 0 0 0 0 0 0 0 0 0 0 0 0 0 0 0 0 0 0 0 0 0 0 0 0 0 0 0 0 0 0 0 0 0 0
0 0 0 0 0 0 0 0 0 0 0 0 0 0 0 0 0 0 0 0 0 0 0 0 0 0 0 0 0 0 0 0 0 0 0 0
0 0 0 0 0 0 0 0 0 0 0 0 0 0 0 0 0 0 0 0 0 0 0 0 0 0 0 0 0 0 0 0 0 0 0 0
0 0 0 0 0 0 0 0 0 0 0 0 0 0 0 0 0 0 0 0 0 0 0 0 0 0 0 0 0 0 0 0 0 0 0 0
0 0 0 0 0 0 0 0 0 0 0 0
##$LEVSIGN= 0
##$MAXLEV= 32
##$METHOD= 0
##$NEGBASE= -6602.6328125
##$NEGINCR= 1.19706404209137
##$POSBASE= 6602.6328125
##$POSINCR= 1.19706404209137
##END=
