##TITLE= Parameter file, TopSpin 3.5 pl 7
##JCAMPDX= 5.0
##DATATYPE= Parameter Values
##NPOINTS= 2	$$ modification sequence number
##ORIGIN= Bruker BioSpin GmbH
##OWNER= nmr
$$ 2017-10-19 12:09:51.273 +0200  nmr@CZC60678L0
$$ /opt/topspin3.5pl5/data/lacour/data/nmr/nmr/AN-menthol/13/pdata/1/clevels
$$ process /opt/topspin3.5pl7/prog/mod/proc2d
##$LEVELS= (0..255)
805 1043.09 1351.62 1751.39 2269.41 2940.65 3810.42 4937.44 6397.82 8290.13
10742.14 13919.4 18036.41 23371.13 30283.72 39240.89 50847.35 65886.72
85374.36 110625.94 143346.31 185744.54 240683.09 311871.09 404114.71 523641.66
678521.67 879211.29 1139259.84 1476224.2 1912854.13 2478628.2 0 0 0 0 0
0 0 0 0 0 0 0 0 0 0 0 0 0 0 0 0 0 0 0 0 0 0 0 0 0 0 0 0 0 0 0 0 0 0 0 0
0 0 0 0 0 0 0 0 0 0 0 0 0 0 0 0 0 0 0 0 0 0 0 0 0 0 0 0 0 0 0 0 0 0 0 0
0 0 0 0 0 0 0 0 0 0 0 0 0 0 0 0 0 0 0 0 0 0 0 0 0 0 0 0 0 0 0 0 0 0 0 0
0 0 0 0 0 0 0 0 0 0 0 0 0 0 0 0 0 0 0 0 0 0 0 0 0 0 0 0 0 0 0 0 0 0 0 0
0 0 0 0 0 0 0 0 0 0 0 0 0 0 0 0 0 0 0 0 0 0 0 0 0 0 0 0 0 0 0 0 0 0 0 0
0 0 0 0 0 0 0 0 0 0 0 0 0 0 0 0 0 0 0 0 0 0 0 0 0 0 0 0 0 0 0 0 0 0 0 0
0 0 0
##$LEVSIGN= 1
##$MAXLEV= 32
##$METHOD= 0
##$NEGBASE= -805
##$NEGINCR= 1.8
##$POSBASE= 805
##$POSINCR= 1.8
##END=
