##TITLE= Parameter file, TopSpin 3.5 pl 7
##JCAMPDX= 5.0
##DATATYPE= Parameter Values
##NPOINTS= 2	$$ modification sequence number
##ORIGIN= Bruker BioSpin GmbH
##OWNER= nmr
$$ 2017-10-19 15:22:04.937 +0200  nmr@CZC60678L0
$$ /opt/topspin3.5pl5/data/lacour/data/nmr/nmr/AN-menthol/16/pdata/1/clevels
$$ process /opt/topspin3.5pl7/prog/mod/proc2d
##$LEVELS= (0..255)
2874.37 -2874.37 3711.33 -3711.33 4791.99 -4791.99 6187.32 -6187.32 7988.94
-7988.94 10315.16 -10315.16 13318.72 -13318.72 17196.85 -17196.85 22204.22
-22204.22 28669.62 -28669.62 37017.62 -37017.62 47796.39 -47796.39 61713.7
-61713.7 79683.45 -79683.45 102885.61 -102885.61 132843.77 -132843.77 171525.11
-171525.11 221469.65 -221469.65 285957.01 -285957.01 369221.74 -369221.74
476731.42 -476731.42 615545.7 -615545.7 794779.79 -794779.79 1026203.13
-1026203.13 1325012.13 -1325012.13 1710828.09 -1710828.09 2208985.63 -2208985.63
2852196.27 -2852196.27 3682696.48 -3682696.48 4755021.06 -4755021.06 6139584.24
-6139584.24 7927303.4 -7927303.4 0 0 0 0 0 0 0 0 0 0 0 0 0 0 0 0 0 0 0
0 0 0 0 0 0 0 0 0 0 0 0 0 0 0 0 0 0 0 0 0 0 0 0 0 0 0 0 0 0 0 0 0 0 0 0
0 0 0 0 0 0 0 0 0 0 0 0 0 0 0 0 0 0 0 0 0 0 0 0 0 0 0 0 0 0 0 0 0 0 0 0
0 0 0 0 0 0 0 0 0 0 0 0 0 0 0 0 0 0 0 0 0 0 0 0 0 0 0 0 0 0 0 0 0 0 0 0
0 0 0 0 0 0 0 0 0 0 0 0 0 0 0 0 0 0 0 0 0 0 0 0 0 0 0 0 0 0 0 0 0 0 0 0
0 0 0 0 0 0 0 0 0 0 0 0 0 0 0 0 0 0 0 0 0 0 0 0 0 0 0 0 0
##$LEVSIGN= 3
##$MAXLEV= 32
##$METHOD= 0
##$NEGBASE= -2874.37
##$NEGINCR= 1.8
##$POSBASE= 2874.37
##$POSINCR= 1.8
##END=
